0.052643653725441664
0.4360229130331895
0.2122143081114991
0.2250436697173323
0.3454296843899111
0.06508411477408615
0.1762147215236603
0.194878885328872
0.44899939497167385
0.3350782153013787
0.45577811706792415
0.2120795309345488
0.0553152664937705
0.19000270765313648
0.47695537535953497
0.3169626869930331
0.4165070061618233
0.3886168750904874
0.3594093813819004
0.11774857507601516
0.1005556928966802
0.3032846993232755
0.4191193791748626
0.4180584770412807
0.4561450524245197
0.10592754914478758
0.2608273476407141
0.40754959318537753
0.16680382559002316
0.46006202088714354
0.04322214349562786
0.08244668508022113
0.1596833860949335
0.41493019408488496
0.2083634210437708
0.36216558255348663
0.06818247295774771
0.1882868927578369
0.00644868460282183
0.0536412108755846
0.07698939077968725
0.03232758808567743
0.3839989310483448
0.3219814566774184
0.24719860512152336
0.4372236986739786
0.2717599845949186
0.04404789745910298
0.3554344225264554
0.47872975123944456
0.192322412288623
0.4606817606719268
0.217810985947467
0.2420627203984123
0.1170383144534708
0.451098870409889
0.02203719656661879
0.45961121685372175
0.33899924941962123
0.010360485165281708
0.4552855738291008
0.18107056114842784
0.3518639669766666
0.00627357037745796
0.12908436356743608
0.4738687638280399
0.1850761102179702
0.3252331786905266
0.08820637547678872
0.032502325420586675
0.2432169278645635
0.4780530931518056
0.2518308014317154
0.026291309752616843
0.4447806108757918
0.1594688040663027
0.12491844898944993
0.49194740638714957
0.42230223448318915
0.1774543553622393
0.25166935347997627
0.2694778679268368
0.41914948479274866
0.12061009547142265
0.435482501501826
0.3206178133090752
0.094448706168551
0.11943567276317668
0.04893312464539201
0.4603137836576178
0.015021742105010949
0.011481624516650468
0.38168161886872753
0.15814808438830114
0.2500351453869958
0.11311972877862086
0.028945561251331242
0.16389154600206435
0.17792026516909948
0.1903095013007725
0.2639042070651141
0.42934986807655506
0.16047168886093932
0.45970951315307956
0.3791993259873902
0.31666564430233485
0.34916067609128465
0.07988716297093307
0.3471704955046969
0.3652819574956789
0.007956979900015815
0.021950835821880343
0.3052508600153256
0.4930853929199023
0.2766396594819599
0.150450702336535
0.2715847626355704
0.10360213379231026
0.06988320386671981
0.021320636276784155
0.25939372465511806
0.3020886262179607
0.1766194003571362
0.22207123683200702
0.48193583886768454
0.13026595244679523
0.4881908445390089
0.35186451041035227
0.35626473237251244
0.34146155840004017
0.18188383600590402
0.22239204865860918
0.3068171392913361
0.11453723071893795
0.26118783609411367
0.3372467183591016
0.4013177847339251
0.15980127761113655
0.042759666336556534
0.1289434617683653
0.2856153501612323
0.33470572904209617
0.43426403882931863
0.1712837289459056
0.2524782460821459
0.13670900469698927
0.00012190484111679334
0.23344284181960534
0.20088903971319505
0.4458980074625746
0.4772898205611676
0.4398692835112078
0.2906753366088088
0.10029733497532423
0.0071027230177020395
8.091751043637352e-05
0.40284515405508897
0.27945133689900675
0.44353411099005
0.418703076740937
0.2794568908230503
0.3155357771387051
0.3867900013041688
0.27778200270427733
0.46884164290605596
0.24476168846054808
0.377534073951817
0.20270939812652228
0.4711992472171288
0.25932372950871996
0.46032438377905843
0.2128763775938599
0.4200061624756793
0.39301753824441515
0.4204948782441222
0.26497185723007166
0.21261981832564242
0.41524818352645904
0.27296308940822017
0.30104295040283924
0.031055439093026604
0.265949479602926
0.43940130548009193
0.3889480928558989
0.09922427983472093
0.11696117580622817
0.07990482221746903
0.20769702761208397
0.12119172611428108
0.27493234104281433
0.4003213774447366
0.005358304313376416
0.14960568486260528
0.2093472197335391
0.268197727431788
0.422446208006852
0.16661668219056575
0.24221948766286266
0.11458417720436498
0.28708493304039395
0.08658357843258385
0.4807506545221642
0.4354823221669275
0.08009275702931457
0.11555544730371914
0.4091814423380513
0.4757793570679801
0.3253006539479524
0.2852949221515721
0.11430195184282727
0.46143493013064674
0.0498124850011788
0.3315435434118176
0.14708476526413944
0.07562952745297241
0.24213788687845383
0.1824965471513646
0.04947957251176599
0.35777221438349294
0.2646576585898174
0.38808660905536296
0.32558720974033073
0.3710842899253797
0.33216129179998205
0.0651716688934425
0.35575735214847515
0.320591357021335
0.17345548527553883
0.17554739389861657
0.1371398163475553
0.3931724874518055
0.34326389016929043
0.456519821927207
0.030324890751006306
0.3210975439667838
0.3503132505718872
0.377125633524304
0.004397567451203788
0.44225823297423833
0.23405336584612746
0.18397609294939193
0.11337474235965661
0.027735148965456313
0.29533925903853664
0.23423570146778205
0.15032380042016436
0.2741580285513096
0.06670509751560105
0.481166021635717
0.03469017548543646
0.11238522577935722
0.09616973526399136
0.26454480143062004
0.0274025963503568
0.14655857248135606
0.1541981467024358
0.16174826728036235
0.13795343938824722
0.029562808580220923
0.004213897241737541
0.38674965826617
0.01615022738084515
0.09619899179074426
0.2734304186151446
0.3975113961344605
0.41895943537068353
0.23775753235660763
0.3071946412157767
0.06704334237570064
0.47524618894476867
0.2468800874890188
0.35617540403241577
0.3390264737413916
0.40031249460210644
0.27682267971195096
0.1436436997735111
0.2761864920270835
0.17562489614040122
0.13537903266874474
0.25237219354821744
0.15375027605889274
0.26814824429746903
0.12054274999524889
0.03555387342955951
0.219799884818498
0.024240970042356758
0.057423600680273246
0.4444785958251206
0.4508008668675126
0.434330368071286
0.36199233654078283
0.33797629592685285
0.06895280145521915
0.37847554055395616
0.4234543756321241
0.34270920127681725
0.4333775615286559
0.3975068684253375
0.1882873530974648
0.3394937756831123
0.25575315607324434
0.4147889069935205
0.17059951789665606
0.16279785863902008
0.15381014826457962
0.23579513448699763
0.00013520844569725465
0.12367991012913854
0.13204226670880975
0.31540057634958996
0.4579973428613386
0.025092276927559942
0.06893589732295374
0.43825698274944896
0.05427974688845466
0.45497151917035555
0.2622446771480721
0.22340322767959425
0.10276978122898922
0.14435476646150097
0.4362631489160613
0.1519138011592685
0.07789280961848649
0.30936344135543403
0.1756153100813494
0.13095106293526504
0.4431103586466641
0.4855721458886548
0.39031063131100696
0.014286647465278357
0.34818903401800333
0.008856120420057234
0.4797203325463482
0.3457032233783721
0.2753851570782212
0.2864181106709761
0.4121919912806015
0.43628079066443387
0.30714989117987324
0.08820155979895067
0.12918698214043034
0.22426490069242944
0.43254974923743683
0.4607582002280177
0.12373226762723777
0.19044657538208953
0.20440335800318427
0.4357745308555884
0.47688723138058037
0.3443562687526504
0.07880451757456414
0.0009707167039191278
0.34635625576514495
0.05409610584136332
0.06819849966237179
0.37465967406181666
0.06021455091353106
0.13786536490316786
0.018367130575548396
0.1423550122893842
0.40246354747247204
0.44333673336950635
0.3864480514258077
0.20655768858693552
0.031240245021804836
0.16756862417602186
0.25010771679614574
0.48132793447292727
0.06943012358384076
0.23714453963901094
0.40642923165031686
0.36612342171959766
0.22512795452001422
0.13103500928708295
0.25866257678683846
0.45845062057444047
0.13459081693719316
0.41255268946403534
0.2895060900253865
0.17175552999865246
0.10605517673063786
0.08184012544069225
0.1505740329142577
0.045004532899645455
0.1490673759621079
0.08224804502049576
0.13077199676419404
0.06802083783282831
0.30935744734382836
0.2144477143475697
0.48682094793890845
0.31591557411991217
0.44000720069370386
0.42828191597883086
0.15733760335723118
0.020866691042889185
0.1398157161284379
0.10017464893284006
0.489850613071804
0.4458900333245884
0.4681936707792151
0.381335496856743
0.4061787283486188
0.39361478189008964
0.03965493892331501
0.10397979528993612
0.49975514072530014
0.006595552397127502
0.0632342519889979
0.2778995471713898
0.3907246820988706
0.3299095035903834
0.47466091595322996
0.47469848824457933
0.24991260724972353
0.38234872724583313
0.4712206302347867
0.17250577944705298
0.15123164432841452
0.10295414934532438
0.19935509724552603
0.20936529904960466
0.40212633945240855
0.010126275599266876
0.11482265197712
0.4993040612804455
0.2290623570322532
0.03941238463368102
0.4691177902181058
0.06131938860520253
0.31029085243722054
0.385197360028404
0.482056612256111
0.09304104491209353
0.10931312789163972
0.4169426772442806
0.06342367877044464
0.1831261551030307
0.1268652777841412
0.3304417316280065
0.4027489019996071
0.04144345603027971
0.2615700897597986
0.39155966590088975
0.03757055673077464
0.4151537441546821
0.36219462020368043
0.17519696778209126
0.02198207807449093
0.24622826347506988
0.31420346769041657
0.3578147567100273
0.31566077530753006
0.40506135938432136
0.28005591911279565
0.3908912246147135
0.17453355851450392
0.021313729964894834
0.4500965012184569
0.1679944584818579
0.10208160276368766
0.2416254374838523
0.16522387235952485
0.08051915745935861
0.381478686423003
0.29244736097071855
0.29744518463210273
0.31062139166921793
0.46935094291693247
0.24760196441017135
0.2773603786140732
0.3378185368954944
0.20069584239436072
0.0013783298217763251
0.2990505334759867
0.4525736157672215
0.1791065862481518
0.05722595618556181
0.2567430282254123
0.45305419549804427
0.06112452872918561
0.3237525762204967
0.48756362014960253
0.05189585765625332
0.019761527631801112
0.09011664665633967
0.19478179206631752
0.14801311165325298
0.2871380236844095
0.4961656891036012
0.4635884899729122
0.4254799183957463
0.353224750006496
0.2688746528395928
0.39790715088546713
0.45466110532238635
0.14216112931412556
0.39639526982898876
0.33239788916993374
0.056613696569640826
0.30365864252456587
0.4837776810476792
0.4903619487268922
0.13472631009000025
0.32094288026019213
0.41347234684128814
0.31071722997116835
0.17204542110014648
0.4107323048737043
0.49374634577408627
0.07724692060254107
0.44700720892344664
0.436781845406355
0.20121343959044996
0.2685690676358559
0.02974282533397027
0.03904437200561783
0.41588053079523185
0.21928988173820696
0.3258209348991421
0.19989295498732085
0.1620265339573302
0.09194409003112125
0.024015810862833997
0.07364755483233415
0.4084973578811329
0.0499002161971962
0.016534200319008374
0.18517105306100312
0.2566051476758138
0.0874879529284881
0.23135750071297345
0.18311937544764523
0.3187366408600265
0.3873576402598387
0.12436003326885592
0.43731697259956354
0.1094437003462283
0.32101970356992116
0.41048064443597604
0.1526202460914916
0.12467409186818118
0.08490544325468413
0.03263671081266989
0.08756815093001369
0.4512922873755906
0.17487743532875422
0.3437484517671971
0.10864407216775157
0.30089728315571895
0.49002196664319214
0.11021539495508387
0.44257214173223386
0.1334210595526552
0.3942432021124537
0.06812230626932797
0.388186770002104
0.37557087525727617
0.18847496596742946
0.04061474690420558
0.3179553932225976
0.45991265649551144
0.4887087615373276
0.4442394433090294
0.32296262827174715
0.248906801969835
0.35594593240163175
0.3519207526194128
0.40194291854169223
0.11823168825877811
0.26648904595491046
0.47316167819776783
0.4156712828977724
0.08044864611535607
0.44985766079088696
0.13365735120555827
0.4387879355539405
0.23573898329332493
0.18970493640636105
0.35290549645127317
0.34533433709584194
0.3553368353947002
0.44135929699330173
0.4999073092804349
0.08838791985425548
0.19989884162853383
0.4097467512383829
0.12901419459014485
0.11425636764915847
0.2882487710809631
0.03310694473989512
0.45607142094799014
0.4317429055952839
0.037633629738724306
0.40103247771003586
0.24751861127947578
0.24092132788158072
0.4850092855679231
0.4872746817064974
0.08083066512620596
0.3152547900189868
0.10669744583309754
0.35820533869118737
0.2365072941967945
0.33693483815630487
0.24184492084378
0.44503584006005575
0.0021410355590932295
0.3983592120588952
0.07355243436504316
0.44129015412459616
0.14927473521455653
0.1451368351451785
0.07673400156962662
0.3008582325028341
0.3423743519642284
0.4045589651553734
0.3702830654914749
0.37021272293099117
0.11635596225696881
0.340018075711964
0.09273420017149686
0.20452085428859984
0.27302627969118565
0.2923099333783983
0.35601231129156186
0.03973888111191565
0.09302258719535156
0.23670883254150515
0.03118825024065902
0.19605149317687826
0.4301993627069995
0.29396919482371264
0.4516341806777968
0.033570286812574957
0.2645228781371454
0.07907656630424359
0.2204752182948711
0.3873215175803181
0.4887472513086679
0.014508349228542827
0.14035207705778452
0.4564191812171646
0.16517982161736638
0.23529010370379122
0.2774575563273667
0.13562612968760718
0.1830764904011591
0.02320819731781898
0.280117188761258
0.09431300204155812
0.1465843589269607
0.43748515592322557
0.35119064145422435
0.45656964876814227
0.03701488658648694
0.35691349660572247
0.28554748629572296
0.45426702987581585
0.3772979516637342
0.07695479998092458
0.40990333877445845
0.01024249755329526
0.2952421704393082
0.03485640022131531
0.1945712646964965
0.10679591339709477
0.11915472196914623
0.18099903633346848
0.23055035748699887
0.37494705650851123
0.3741943091820374
0.23141601162245867
0.3556313889855516
0.3052676297932687
0.41773192600704967
0.14585751924061402
0.059537600216605535
0.20351689318123106
0.4356275074685138
0.49264304208711307
0.2315083427609515
0.18442084255650643
0.2880025517616954
0.48711489846942546
0.23423848874668235
0.320159879415285
0.34376113220046034
0.35968836807369114
0.05426708520807422
0.27988333710397834
0.15345385517193416
0.09215816026122564
0.03469986564016747
0.09594866131168295
0.252254008052914
0.38611649136520426
0.38527852216022407
0.39370662133404605
0.21252343112551042
0.05493014712384531
0.12353279123478034
0.4530729380464213
0.3437390569783598
0.2863255856233385
0.11484755182935064
0.3760115132176735
0.44334406998954573
0.2710526268121752
0.1306792307222871
0.0296182915553444
0.15158502699285065
0.2789621361462624
0.20185486052577056
0.3062390453396156
0.3341079703435042
0.1659691584507489
0.2661117852306111
0.18838928022704432
0.31802705404652165
0.37889559448559046
0.05607860902973655
0.032269872872901006
0.40408301805643626
0.33021471673638164
0.08175217423928738
0.015321621690883691
0.25279978499304595
0.010268739213968037
0.3278057728961976
0.12076701167591569
0.26403333319966044
0.07550463743885039
0.1983209304337003
0.03864939702831888
0.3285761357768185
0.45500323889103056
0.18107661805997127
0.47989475004547916
0.47017136332126996
0.27418956426112306
0.040572761811983105
0.2720965403660287
0.41642479432794033
0.21570762657788456
0.14664834469334098
0.3925462231975482
0.46011905422226707
0.25461238752510373
0.4720949914679726
0.3868226957525723
0.4686528312525486
0.029866224435120547
0.43418967834121547
0.367283689688603
0.11849343236684906
0.19407031343550807
0.2393352088475385
0.4640480917252434
0.38465119245601276
0.24298303233855245
0.008991158745482064
0.1977071980352617
0.3677693473491643
0.04351777867725115
0.252374726532289
0.006403725065441013
0.10711880007781743
0.30955599117974775
0.25130949020554405
0.48178576318228256
0.3865979210261869
0.04391735789409884
0.1684747246245309
0.11259927205661807
0.17967365019763387
0.4593520045931473
0.4161420307845989
0.3674752963052405
0.10174386691423537
0.4067724793959526
0.0705165167670348
0.12584976105113777
0.3031640832869399
0.21919859978853895
